

Pinna, [0.1372549  0.69803922 0.        ]
oticCapsule, [0.4        0.29803922 1.        ]


stapes:         [0.         0.50196078 0.75294118], (0, 128, 192), Count: 52680
sigmoid sinus:  [0.06666667 0.48627451 0.69803922], (17, 124, 178), Count: 3176
incus:          [0.1372549  0.69803922 0.        ], (35, 178, 0), Count: 7427
oticCapsule:    [0.4        0.29803922 1.        ], (102, 76, 255), Count: 39588
malleus:        [0.69803922 0.69803922 0.1372549 ], (178, 178, 35), Count: 6021
pinna:          [0.90588235 0.72156863 0.09411765], (231, 184, 24), Count: 7742
???             [0.92156863 0.62352941 0.07843137], (235, 159, 20), Count: 7597
facialNerve:    [0.94901961 0.94901961 0.        ], (242, 242, 0), Count: 10890
tympani:        [1.         0.64705882 0.29803922], (255, 165, 76), Count: 31024


